start=230.484110
volume=96.000000
