start=533.433000
volume=80.000000
