start=439.633000
volume=68.000000
