start=987.737000
speed=0.999249
volume=66.000000
