start=67.700000
pause=yes
volume=52.000000
