start=11.016000
volume=84.000000
