start=1291.183000
speed=1.000000
volume=64.000000
