start=59.907000
volume=46.000000
