start=1232.984000
speed=1.464100
volume=86.000000
sid=no
