start=76.333000
volume=62.000000
