start=472.055000
speed=1.000000
volume=80.000000
