start=115.300000
volume=86.000000
