start=314.233000
speed=1.331000
pause=yes
volume=60.000000
