start=92.801000
speed=0.999249
volume=58.000000
sub-visibility=no
sub-ass-override=force
