start=378.400000
pause=yes
volume=66.000000
