start=10.176000
speed=1.010000
pause=yes
