start=34.733000
volume=60.000000
