start=887.437000
volume=78.000000
