start=24.524000
volume=62.000000
