start=564.517000
sub-scale=0.600000
