start=274.107000
speed=1.331000
