start=28.215000
volume=62.000000
fullscreen=yes
sub-scale=0.500000
