start=2018.100000
volume=56.000000
