start=327.978000
speed=1.209091
pause=yes
volume=82.000000
