start=11.633000
speed=1.331000
volume=70.000000
