start=763.550000
speed=1.331000
volume=88.000000
panscan=0.100000
aid=1
sub-scale=0.600000
