start=6.106000
volume=98.000000
