start=496.663000
speed=1.000000
volume=56.000000
