start=15.417000
volume=58.000000
