start=674.799000
volume=38.000000
sid=2
sub-scale=0.500000
