start=2653.313000
volume=56.000000
fullscreen=yes
sid=2
sub-delay=-0.000000
sub-scale=0.400000
