start=685.384000
speed=1.350000
volume=94.000000
sid=no
