start=2326.757000
pause=yes
volume=76.000000
sid=1
