start=1798.833000
speed=1.210000
volume=50.000000
