start=82.333000
volume=98.000000
