start=213.683000
pause=yes
volume=38.000000
