start=236.134000
speed=1.350000
pause=yes
volume=80.000000
sid=1
