start=1047.683000
speed=1.000000
volume=84.000000
