start=823.300000
speed=1.150000
volume=80.000000
sid=1
