start=311.500000
volume=128.000000
