start=765.267000
speed=1.331000
volume=62.000000
