start=138.567000
pause=yes
volume=56.000000
