start=409.249500
speed=1.210000
pause=yes
volume=40.000000
deinterlace=yes
sub-scale=0.600000
