start=693.650000
speed=1.210000
sub-scale=0.600000
