start=61.728000
sub-delay=-0.300000
