start=441.533000
volume=84.000000
