start=702.181000
volume=104.000000
aid=2
sid=1
