start=439.950000
volume=98.000000
