start=145.634000
speed=1.610510
volume=49.000000
sub-scale=0.600000
