start=131.278000
sub-delay=-0.400000
