start=10.166000
volume=44.000000
