start=1035.983000
speed=1.210000
volume=56.000000
