start=762.240000
volume=58.000000
sid=1
