start=597.497000
speed=1.000000
pause=yes
