start=1554.153000
pause=yes
volume=70.000000
sub-scale=0.500000
