start=1197.830000
speed=1.331000
volume=74.000000
sid=no
sub-delay=-0.300000
sub-scale=0.600000
