start=306.367000
speed=1.331000
volume=58.000000
sub-scale=0.600000
