start=96.034000
volume=84.000000
