start=1125.750000
speed=1.331000
pause=yes
volume=70.000000
fullscreen=yes
