start=7445.251000
pause=yes
volume=96.000000
aid=2
sid=1
