start=731.294000
volume=96.000000
aid=2
sid=1
