start=542.067000
volume=60.000000
