start=224.500000
pause=yes
volume=76.000000
