start=2602.944697
volume=78.000000
fullscreen=yes
sub-scale=0.500000
