start=2603.000000
volume=78.000000
fullscreen=yes
