start=62.854000
volume=50.000000
aid=1
sid=2
sub-delay=-0.300000
