start=849.866000
volume=68.000000
