start=645.333000
speed=1.210000
volume=72.000000
sub-scale=0.600000
