start=42.400000
speed=1.210000
volume=60.000000
