start=60.310000
speed=0.939144
pause=yes
volume=56.000000
