start=6.200000
volume=50.000000
