start=9.750000
volume=84.000000
fullscreen=yes
sub-scale=0.600000
