start=255.955700
volume=42.000000
