start=1549.948000
speed=1.100000
volume=74.000000
sid=1
