start=13.138000
speed=0.984222
