start=58.333000
speed=1.950000
volume=64.000000
sid=no
