start=118.702000
pause=yes
volume=54.000000
