start=747.266000
speed=1.331000
volume=68.000000
fullscreen=yes
sub-scale=0.600000
