start=485.400000
speed=1.331000
volume=66.000000
